              precision    recall  f1-score   support

         370       0.00      0.00      0.00        21
         371       0.14      0.11      0.12        19
         372       0.50      0.08      0.14        37
         373       0.00      0.00      0.00         5
         374       0.00      0.00      0.00         6
         375       0.00      0.00      0.00         5
         376       0.00      0.00      0.00         5
         377       0.00      0.00      0.00         7
         378       0.37      0.94      0.53        69
         999       0.00      0.00      0.00        23

    accuracy                           0.36       197
   macro avg       0.10      0.11      0.08       197
weighted avg       0.24      0.36      0.22       197
