              precision    recall  f1-score   support

          49       0.33      0.73      0.46        66
          50       0.44      0.54      0.48        72
          51       0.00      0.00      0.00        13
          52       0.00      0.00      0.00        24
          54       0.00      0.00      0.00        12
          58       0.00      0.00      0.00        10
          59       0.00      0.00      0.00         5
          60       0.00      0.00      0.00        11
         258       0.34      0.73      0.47        41
         259       0.00      0.00      0.00        23
         260       0.00      0.00      0.00        13
         334       0.00      0.00      0.00        11
         710       0.00      0.00      0.00         6
         888       0.00      0.00      0.00        13

    accuracy                           0.37       320
   macro avg       0.08      0.14      0.10       320
weighted avg       0.21      0.37      0.26       320
