              precision    recall  f1-score   support

         132       0.40      0.41      0.41        71
         133       0.00      0.00      0.00         8
         136       0.00      0.00      0.00        14
         138       0.00      0.00      0.00        13
         196       0.00      0.00      0.00        21
         197       0.00      0.00      0.00        19
         331       0.31      0.68      0.43        34
         332       0.44      0.64      0.52        66

    accuracy                           0.38       246
   macro avg       0.14      0.22      0.17       246
weighted avg       0.28      0.38      0.32       246
