              precision    recall  f1-score   support

          61       0.33      0.58      0.42        76
          62       0.00      0.00      0.00        10
          63       0.00      0.00      0.00        26
          64       0.00      0.00      0.00        13
          66       0.00      0.00      0.00        26
          67       0.09      0.07      0.08        29
          69       0.00      0.00      0.00        18
          71       0.23      0.22      0.23        45
          72       0.25      0.19      0.21        16
          73       0.00      0.00      0.00         7
          74       0.41      0.83      0.55       114
          75       0.00      0.00      0.00        13
          76       0.00      0.00      0.00        18
          77       1.00      0.03      0.07        29
          78       0.20      0.11      0.14        28
          80       0.00      0.00      0.00        13
         162       0.25      0.24      0.25        63
         707       0.27      0.35      0.30        52
         708       0.00      0.00      0.00         3

    accuracy                           0.32       599
   macro avg       0.16      0.14      0.12       599
weighted avg       0.26      0.32      0.25       599
