              precision    recall  f1-score   support

          82       0.00      0.00      0.00        34
          83       0.44      0.54      0.48        56
          84       0.36      0.40      0.38        63
          85       0.12      0.11      0.12        18
          86       0.33      0.44      0.38        27
          87       0.00      0.00      0.00        15
          88       0.00      0.00      0.00        11
          89       0.39      0.62      0.48        69
         722       0.00      0.00      0.00         8

    accuracy                           0.37       301
   macro avg       0.18      0.23      0.20       301
weighted avg       0.28      0.37      0.32       301
