              precision    recall  f1-score   support

         125       0.42      0.65      0.51        75
         126       0.37      0.40      0.38        48
         127       0.00      0.00      0.00         5
         128       0.36      0.11      0.17        37
         271       0.00      0.00      0.00         9
         319       0.17      0.20      0.18        10
         714       0.00      0.00      0.00         8

    accuracy                           0.39       192
   macro avg       0.19      0.19      0.18       192
weighted avg       0.33      0.39      0.34       192
