              precision    recall  f1-score   support

         125       0.43      0.59      0.50        75
         126       0.36      0.50      0.42        48
         127       0.00      0.00      0.00         5
         128       0.36      0.11      0.17        37
         271       0.00      0.00      0.00         9
         319       0.23      0.30      0.26        10
         714       0.00      0.00      0.00         8

    accuracy                           0.39       192
   macro avg       0.20      0.21      0.19       192
weighted avg       0.34      0.39      0.35       192
