              precision    recall  f1-score   support

          14       0.00      0.00      0.00        65
          16       0.36      0.53      0.43        59
          17       0.00      0.00      0.00         8
         164       0.49      0.83      0.62       174
         165       0.00      0.00      0.00        19
         168       0.62      0.47      0.53        86
         169       0.00      0.00      0.00         9
         308       0.45      0.43      0.44       138
         309       0.00      0.00      0.00        15
         724       0.00      0.00      0.00         4
         725       0.00      0.00      0.00         1

    accuracy                           0.48       578
   macro avg       0.17      0.21      0.18       578
weighted avg       0.38      0.48      0.41       578
