              precision    recall  f1-score   support

         139       0.49      0.92      0.64        73
         141       0.75      0.09      0.17        32
         142       0.00      0.00      0.00        24
         278       0.00      0.00      0.00        32
         323       0.50      0.74      0.60        53
         713       0.00      0.00      0.00         7

    accuracy                           0.49       221
   macro avg       0.29      0.29      0.23       221
weighted avg       0.39      0.49      0.38       221
