              precision    recall  f1-score   support

         346       0.45      0.72      0.55        32
         347       0.59      0.77      0.67        66
         348       0.36      0.15      0.22        26
         350       0.00      0.00      0.00        13
         351       0.00      0.00      0.00         4
         353       0.00      0.00      0.00         5
         357       0.00      0.00      0.00         3

    accuracy                           0.52       149
   macro avg       0.20      0.24      0.21       149
weighted avg       0.42      0.52      0.45       149
