              precision    recall  f1-score   support

         370       0.00      0.00      0.00        21
         371       0.22      0.21      0.22        19
         372       0.40      0.16      0.23        37
         373       0.00      0.00      0.00         5
         374       0.00      0.00      0.00         6
         375       0.00      0.00      0.00         5
         376       0.00      0.00      0.00         5
         377       0.00      0.00      0.00         7
         378       0.40      0.93      0.55        69
         999       0.00      0.00      0.00        23

    accuracy                           0.38       197
   macro avg       0.10      0.13      0.10       197
weighted avg       0.23      0.38      0.26       197
