              precision    recall  f1-score   support

          61       0.19      0.58      0.29        76
          62       0.00      0.00      0.00        10
          63       0.00      0.00      0.00        26
          64       0.00      0.00      0.00        13
          66       0.00      0.00      0.00        26
          67       0.06      0.07      0.06        29
          69       0.00      0.00      0.00        18
          71       0.19      0.16      0.17        45
          72       0.18      0.25      0.21        16
          73       0.00      0.00      0.00         7
          74       0.32      0.31      0.31       114
          75       0.00      0.00      0.00        13
          76       0.00      0.00      0.00        18
          77       0.00      0.00      0.00        29
          78       0.00      0.00      0.00        28
          80       0.00      0.00      0.00        13
         162       0.17      0.40      0.24        63
         707       0.23      0.06      0.09        52
         708       0.00      0.00      0.00         3

    accuracy                           0.20       599
   macro avg       0.07      0.10      0.07       599
weighted avg       0.15      0.20      0.15       599
