              precision    recall  f1-score   support

         361       0.47      0.73      0.57        37
         362       0.50      0.38      0.43        29
         363       0.00      0.00      0.00         5
         364       0.00      0.00      0.00        11
         369       0.00      0.00      0.00         4
         381       0.56      0.62      0.59        56

    accuracy                           0.51       142
   macro avg       0.26      0.29      0.27       142
weighted avg       0.45      0.51      0.47       142
