              precision    recall  f1-score   support

          14       0.00      0.00      0.00        65
          16       0.16      0.08      0.11        59
          17       0.00      0.00      0.00         8
         164       0.51      0.69      0.59       174
         165       0.00      0.00      0.00        19
         168       0.42      0.55      0.48        86
         169       0.00      0.00      0.00         9
         308       0.36      0.52      0.42       138
         309       0.00      0.00      0.00        15
         724       0.00      0.00      0.00         4
         725       0.00      0.00      0.00         1

    accuracy                           0.42       578
   macro avg       0.13      0.17      0.15       578
weighted avg       0.32      0.42      0.36       578
