              precision    recall  f1-score   support

         346       0.47      0.72      0.57        32
         347       0.57      0.79      0.66        66
         348       0.33      0.12      0.17        26
         350       0.00      0.00      0.00        13
         351       0.00      0.00      0.00         4
         353       0.00      0.00      0.00         5
         357       0.00      0.00      0.00         3

    accuracy                           0.52       149
   macro avg       0.20      0.23      0.20       149
weighted avg       0.41      0.52      0.45       149
