              precision    recall  f1-score   support

           1       0.55      0.89      0.68       198
           2       0.66      0.73      0.69       217
           3       0.00      0.00      0.00        35
           4       0.00      0.00      0.00        19
           5       0.00      0.00      0.00         2
           7       0.00      0.00      0.00        26
           8       0.00      0.00      0.00         2
           9       0.00      0.00      0.00         1
          10       0.00      0.00      0.00         2
          11       0.00      0.00      0.00         2
          12       0.00      0.00      0.00         6
         250       0.00      0.00      0.00        51

    accuracy                           0.60       561
   macro avg       0.10      0.14      0.11       561
weighted avg       0.45      0.60      0.51       561
