              precision    recall  f1-score   support

         346       0.36      0.69      0.47        32
         347       0.56      0.74      0.64        66
         348       0.00      0.00      0.00        26
         350       0.00      0.00      0.00        13
         351       0.00      0.00      0.00         4
         353       0.00      0.00      0.00         5
         357       0.00      0.00      0.00         3

    accuracy                           0.48       149
   macro avg       0.13      0.20      0.16       149
weighted avg       0.32      0.48      0.38       149
