              precision    recall  f1-score   support

         361       0.46      0.70      0.55        37
         362       0.50      0.38      0.43        29
         363       0.00      0.00      0.00         5
         364       0.00      0.00      0.00        11
         369       0.00      0.00      0.00         4
         381       0.60      0.68      0.64        56

    accuracy                           0.53       142
   macro avg       0.26      0.29      0.27       142
weighted avg       0.46      0.53      0.48       142
