              precision    recall  f1-score   support

          61       0.23      0.70      0.35        76
          62       0.00      0.00      0.00        10
          63       0.00      0.00      0.00        26
          64       0.00      0.00      0.00        13
          66       0.00      0.00      0.00        26
          67       0.00      0.00      0.00        29
          69       0.00      0.00      0.00        18
          71       0.00      0.00      0.00        45
          72       0.00      0.00      0.00        16
          73       0.00      0.00      0.00         7
          74       0.31      1.00      0.47       114
          75       0.00      0.00      0.00        13
          76       0.00      0.00      0.00        18
          77       0.00      0.00      0.00        29
          78       0.00      0.00      0.00        28
          80       0.00      0.00      0.00        13
         162       0.00      0.00      0.00        63
         707       0.00      0.00      0.00        52
         708       0.00      0.00      0.00         3

    accuracy                           0.28       599
   macro avg       0.03      0.09      0.04       599
weighted avg       0.09      0.28      0.13       599
