              precision    recall  f1-score   support

          42       0.46      0.39      0.42        94
          43       0.00      0.00      0.00        48
          44       0.00      0.00      0.00        44
          45       0.46      0.87      0.60       130
          46       0.43      0.75      0.54        95
          47       0.00      0.00      0.00        22
         151       0.00      0.00      0.00        22
         256       0.00      0.00      0.00        19
         456       0.50      0.07      0.12        15
         999       0.00      0.00      0.00         5

    accuracy                           0.45       494
   macro avg       0.18      0.21      0.17       494
weighted avg       0.31      0.45      0.35       494
