              precision    recall  f1-score   support

          49       0.38      0.77      0.50        66
          50       0.46      0.60      0.52        72
          51       0.00      0.00      0.00        13
          52       0.33      0.12      0.18        24
          54       0.00      0.00      0.00        12
          58       0.00      0.00      0.00        10
          59       0.00      0.00      0.00         5
          60       0.00      0.00      0.00        11
         258       0.34      0.66      0.45        41
         259       0.00      0.00      0.00        23
         260       0.00      0.00      0.00        13
         334       0.00      0.00      0.00        11
         710       0.00      0.00      0.00         6
         888       0.00      0.00      0.00        13

    accuracy                           0.39       320
   macro avg       0.11      0.15      0.12       320
weighted avg       0.25      0.39      0.29       320
