              precision    recall  f1-score   support

           1       0.61      0.88      0.72       198
           2       0.64      0.76      0.69       217
           3       0.00      0.00      0.00        35
           4       0.00      0.00      0.00        19
           5       0.00      0.00      0.00         2
           7       0.00      0.00      0.00        26
           8       0.00      0.00      0.00         2
           9       0.00      0.00      0.00         1
          10       0.00      0.00      0.00         2
          11       0.00      0.00      0.00         2
          12       0.00      0.00      0.00         6
         250       0.47      0.16      0.24        51

    accuracy                           0.62       561
   macro avg       0.14      0.15      0.14       561
weighted avg       0.50      0.62      0.54       561
