              precision    recall  f1-score   support

         125       0.41      0.64      0.50        75
         126       0.33      0.52      0.41        48
         127       0.00      0.00      0.00         5
         128       0.00      0.00      0.00        37
         271       0.00      0.00      0.00         9
         319       0.00      0.00      0.00        10
         714       0.00      0.00      0.00         8

    accuracy                           0.38       192
   macro avg       0.11      0.17      0.13       192
weighted avg       0.24      0.38      0.30       192
