              precision    recall  f1-score   support

         346       0.48      0.69      0.56        32
         347       0.55      0.82      0.66        66
         348       0.40      0.08      0.13        26
         350       0.00      0.00      0.00        13
         351       0.00      0.00      0.00         4
         353       0.00      0.00      0.00         5
         357       0.00      0.00      0.00         3

    accuracy                           0.52       149
   macro avg       0.20      0.23      0.19       149
weighted avg       0.42      0.52      0.44       149
