              precision    recall  f1-score   support

         125       0.41      0.52      0.46        75
         126       0.39      0.50      0.44        48
         127       0.00      0.00      0.00         5
         128       0.24      0.14      0.17        37
         271       0.00      0.00      0.00         9
         319       0.21      0.30      0.25        10
         714       0.00      0.00      0.00         8

    accuracy                           0.37       192
   macro avg       0.18      0.21      0.19       192
weighted avg       0.31      0.37      0.33       192
