              precision    recall  f1-score   support

         118       0.62      0.92      0.74       123
         119       0.52      0.57      0.54        58
         120       0.00      0.00      0.00        27
         121       0.50      0.08      0.13        13
         122       0.00      0.00      0.00        14
         123       0.00      0.00      0.00         1
         318       0.00      0.00      0.00         6
         709       0.00      0.00      0.00         7

    accuracy                           0.59       249
   macro avg       0.20      0.20      0.18       249
weighted avg       0.45      0.59      0.50       249
