              precision    recall  f1-score   support

          96       0.32      0.70      0.44        54
          97       0.41      0.41      0.41        49
          99       0.00      0.00      0.00        16
         100       0.00      0.00      0.00        19
         199       0.35      0.26      0.30        35
         263       0.00      0.00      0.00        10
         315       0.00      0.00      0.00        10
         711       0.00      0.00      0.00         2
         712       0.00      0.00      0.00         4
         990       0.32      0.39      0.35        28

    accuracy                           0.34       227
   macro avg       0.14      0.18      0.15       227
weighted avg       0.26      0.34      0.28       227
