              precision    recall  f1-score   support

         361       0.29      0.41      0.34        37
         362       0.47      0.24      0.32        29
         363       0.00      0.00      0.00         5
         364       0.00      0.00      0.00        11
         369       0.00      0.00      0.00         4
         381       0.51      0.68      0.58        56

    accuracy                           0.42       142
   macro avg       0.21      0.22      0.21       142
weighted avg       0.37      0.42      0.38       142
