              precision    recall  f1-score   support

          61       0.34      0.45      0.39        76
          62       0.00      0.00      0.00        10
          63       0.00      0.00      0.00        26
          64       0.33      0.08      0.12        13
          66       0.00      0.00      0.00        26
          67       0.18      0.14      0.16        29
          69       0.00      0.00      0.00        18
          71       0.22      0.18      0.20        45
          72       0.15      0.12      0.14        16
          73       0.00      0.00      0.00         7
          74       0.37      0.84      0.51       114
          75       0.00      0.00      0.00        13
          76       0.00      0.00      0.00        18
          77       0.00      0.00      0.00        29
          78       0.20      0.14      0.17        28
          80       0.00      0.00      0.00        13
         162       0.21      0.22      0.22        63
         707       0.24      0.31      0.27        52
         708       0.00      0.00      0.00         3

    accuracy                           0.30       599
   macro avg       0.12      0.13      0.11       599
weighted avg       0.20      0.30      0.23       599
