              precision    recall  f1-score   support

         370       0.00      0.00      0.00        21
         371       0.13      0.21      0.16        19
         372       0.00      0.00      0.00        37
         373       0.00      0.00      0.00         5
         374       0.00      0.00      0.00         6
         375       0.00      0.00      0.00         5
         376       0.00      0.00      0.00         5
         377       0.00      0.00      0.00         7
         378       0.38      0.91      0.53        69
         999       0.00      0.00      0.00        23

    accuracy                           0.34       197
   macro avg       0.05      0.11      0.07       197
weighted avg       0.14      0.34      0.20       197
