              precision    recall  f1-score   support

         125       0.44      0.63      0.51        75
         126       0.35      0.44      0.39        48
         127       0.00      0.00      0.00         5
         128       0.30      0.08      0.13        37
         271       0.00      0.00      0.00         9
         319       0.14      0.20      0.17        10
         714       0.00      0.00      0.00         8

    accuracy                           0.38       192
   macro avg       0.18      0.19      0.17       192
weighted avg       0.32      0.38      0.33       192
