              precision    recall  f1-score   support

           1       0.55      0.83      0.66       198
           2       0.59      0.70      0.64       217
           3       0.00      0.00      0.00        35
           4       0.00      0.00      0.00        19
           5       0.00      0.00      0.00         2
           7       0.00      0.00      0.00        26
           8       0.00      0.00      0.00         2
           9       0.00      0.00      0.00         1
          10       0.00      0.00      0.00         2
          11       0.00      0.00      0.00         2
          12       0.00      0.00      0.00         6
         250       0.00      0.00      0.00        51

    accuracy                           0.57       561
   macro avg       0.09      0.13      0.11       561
weighted avg       0.42      0.57      0.48       561
