              precision    recall  f1-score   support

          14       0.00      0.00      0.00        65
          16       0.00      0.00      0.00        59
          17       0.00      0.00      0.00         8
         164       0.36      0.79      0.49       174
         165       0.00      0.00      0.00        19
         168       0.41      0.19      0.26        86
         169       0.00      0.00      0.00         9
         308       0.27      0.30      0.28       138
         309       0.00      0.00      0.00        15
         724       0.00      0.00      0.00         4
         725       0.00      0.00      0.00         1

    accuracy                           0.34       578
   macro avg       0.09      0.12      0.09       578
weighted avg       0.23      0.34      0.25       578
