              precision    recall  f1-score   support

          14       0.00      0.00      0.00        65
          16       0.35      0.53      0.42        59
          17       0.00      0.00      0.00         8
         164       0.51      0.72      0.59       174
         165       0.00      0.00      0.00        19
         168       0.68      0.51      0.58        86
         169       0.00      0.00      0.00         9
         308       0.40      0.51      0.45       138
         309       0.00      0.00      0.00        15
         724       0.00      0.00      0.00         4
         725       0.00      0.00      0.00         1

    accuracy                           0.47       578
   macro avg       0.18      0.21      0.19       578
weighted avg       0.38      0.47      0.42       578
