              precision    recall  f1-score   support

          19       0.36      0.22      0.27       144
          20       0.36      0.84      0.50       162
          21       0.38      0.24      0.29        95
          22       0.00      0.00      0.00        36
          23       0.00      0.00      0.00        49
          24       0.41      0.39      0.40        51
          33       0.39      0.24      0.30        54
         254       0.00      0.00      0.00        15

    accuracy                           0.37       606
   macro avg       0.24      0.24      0.22       606
weighted avg       0.31      0.37      0.31       606
