              precision    recall  f1-score   support

         346       0.48      0.69      0.56        32
         347       0.55      0.86      0.67        66
         348       0.00      0.00      0.00        26
         350       0.00      0.00      0.00        13
         351       0.00      0.00      0.00         4
         353       0.00      0.00      0.00         5
         357       0.00      0.00      0.00         3

    accuracy                           0.53       149
   macro avg       0.15      0.22      0.18       149
weighted avg       0.35      0.53      0.42       149
