              precision    recall  f1-score   support

         361       0.43      0.68      0.53        37
         362       0.38      0.38      0.38        29
         363       0.00      0.00      0.00         5
         364       0.00      0.00      0.00        11
         369       0.00      0.00      0.00         4
         381       0.60      0.59      0.59        56

    accuracy                           0.49       142
   macro avg       0.24      0.27      0.25       142
weighted avg       0.43      0.49      0.45       142
