              precision    recall  f1-score   support

         110       0.47      0.86      0.60        86
         111       0.26      0.23      0.25        43
         113       0.15      0.09      0.11        35
         116       0.00      0.00      0.00         3
         117       0.00      0.00      0.00         3
         194       0.00      0.00      0.00        12
         325       0.00      0.00      0.00        29
         326       0.19      0.25      0.22        20
         330       0.00      0.00      0.00        12

    accuracy                           0.38       243
   macro avg       0.12      0.16      0.13       243
weighted avg       0.25      0.38      0.29       243
