              precision    recall  f1-score   support

         370       0.00      0.00      0.00        21
         371       0.21      0.16      0.18        19
         372       0.50      0.22      0.30        37
         373       1.00      0.20      0.33         5
         374       0.00      0.00      0.00         6
         375       0.00      0.00      0.00         5
         376       0.00      0.00      0.00         5
         377       1.00      0.14      0.25         7
         378       0.41      0.97      0.58        69
         999       0.00      0.00      0.00        23

    accuracy                           0.41       197
   macro avg       0.31      0.17      0.16       197
weighted avg       0.32      0.41      0.29       197
