              precision    recall  f1-score   support

          49       0.26      0.64      0.37        66
          50       0.41      0.50      0.45        72
          51       0.00      0.00      0.00        13
          52       0.00      0.00      0.00        24
          54       0.00      0.00      0.00        12
          58       0.00      0.00      0.00        10
          59       0.00      0.00      0.00         5
          60       0.00      0.00      0.00        11
         258       0.23      0.39      0.29        41
         259       0.00      0.00      0.00        23
         260       0.00      0.00      0.00        13
         334       0.00      0.00      0.00        11
         710       0.00      0.00      0.00         6
         888       0.00      0.00      0.00        13

    accuracy                           0.29       320
   macro avg       0.06      0.11      0.08       320
weighted avg       0.18      0.29      0.21       320
