              precision    recall  f1-score   support

          14       0.00      0.00      0.00        65
          16       0.13      0.07      0.09        59
          17       0.00      0.00      0.00         8
         164       0.50      0.70      0.58       174
         165       0.00      0.00      0.00        19
         168       0.42      0.55      0.47        86
         169       0.00      0.00      0.00         9
         308       0.37      0.51      0.43       138
         309       0.00      0.00      0.00        15
         724       0.00      0.00      0.00         4
         725       0.00      0.00      0.00         1

    accuracy                           0.42       578
   macro avg       0.13      0.17      0.14       578
weighted avg       0.31      0.42      0.36       578
