              precision    recall  f1-score   support

           1       0.47      0.57      0.51       198
           2       0.42      0.63      0.50       217
           3       0.00      0.00      0.00        35
           4       0.00      0.00      0.00        19
           5       0.00      0.00      0.00         2
           7       0.00      0.00      0.00        26
           8       0.00      0.00      0.00         2
           9       0.00      0.00      0.00         1
          10       0.00      0.00      0.00         2
          11       0.00      0.00      0.00         2
          12       0.00      0.00      0.00         6
         250       0.00      0.00      0.00        51

    accuracy                           0.44       561
   macro avg       0.07      0.10      0.08       561
weighted avg       0.33      0.44      0.38       561
