              precision    recall  f1-score   support

          25       0.42      0.90      0.57       210
          26       0.45      0.67      0.54       148
          27       0.32      0.19      0.24        63
          32       0.00      0.00      0.00        12
          34       0.00      0.00      0.00        11
          35       0.00      0.00      0.00         2
          36       0.00      0.00      0.00         1
          45       0.00      0.00      0.00         3
         182       0.00      0.00      0.00         5
         255       0.00      0.00      0.00        55
         714       0.00      0.00      0.00        52
         715       0.00      0.00      0.00        17
         716       0.00      0.00      0.00         1
         718       0.00      0.00      0.00        20
         719       0.00      0.00      0.00         4
         720       0.00      0.00      0.00         1
         999       0.00      0.00      0.00       103

    accuracy                           0.42       708
   macro avg       0.07      0.10      0.08       708
weighted avg       0.25      0.42      0.30       708
