              precision    recall  f1-score   support

          74       0.00      0.00      0.00        59
          75       0.00      0.00      0.00        45
          76       0.00      0.00      0.00        34
          77       0.00      0.00      0.00        26
          78       0.00      0.00      0.00        37
          79       0.53      0.82      0.65       218
          80       0.47      0.26      0.34        69
          81       0.42      0.77      0.54       166
         160       0.19      0.12      0.15        60

    accuracy                           0.46       714
   macro avg       0.18      0.22      0.19       714
weighted avg       0.32      0.46      0.37       714
