              precision    recall  f1-score   support

         291       0.33      0.58      0.42        33
         292       0.45      0.65      0.53        26
         293       0.27      0.19      0.22        16
         294       0.00      0.00      0.00        15
         295       0.33      0.47      0.39        17
         296       0.00      0.00      0.00        11
         297       0.18      0.20      0.19        20
         298       0.38      0.36      0.37        14
         300       0.00      0.00      0.00         7
         301       0.00      0.00      0.00        11

    accuracy                           0.33       170
   macro avg       0.20      0.24      0.21       170
weighted avg       0.25      0.33      0.28       170
