              precision    recall  f1-score   support

         370       0.00      0.00      0.00        21
         371       0.17      0.26      0.20        19
         372       0.50      0.19      0.27        37
         373       0.00      0.00      0.00         5
         374       0.00      0.00      0.00         6
         375       0.00      0.00      0.00         5
         376       0.00      0.00      0.00         5
         377       0.00      0.00      0.00         7
         378       0.40      0.88      0.55        69
         999       0.00      0.00      0.00        23

    accuracy                           0.37       197
   macro avg       0.11      0.13      0.10       197
weighted avg       0.25      0.37      0.26       197
