              precision    recall  f1-score   support

         361       0.53      0.70      0.60        37
         362       0.41      0.31      0.35        29
         363       0.00      0.00      0.00         5
         364       0.00      0.00      0.00        11
         369       0.00      0.00      0.00         4
         381       0.56      0.71      0.63        56

    accuracy                           0.53       142
   macro avg       0.25      0.29      0.26       142
weighted avg       0.44      0.53      0.48       142
